110010
110001
101100
100101
001110
011100
100000
011110
011101
010111
011001
100000
001010
101100
101000
110001
000100
110000
010100
011100
100101
001111
001011
001000
100111
001001
010100
111111
000111
100110
010011
001010
110001
110101
111111
101101
111100
100011
001110
000001
101101
110011
101111
110011
011111
011111
110010
011000
011000
100010
001001
001101
100001
100010
101100
100000
101111
011100
101110
000100
000101
110111
010101
110000
011011
111001
101011
101011
110001
011111
000111
101001
010110
010000
010101
111101
011110
011101
110010
111101
010111
001001
010010
111110
000011
010011
100010
100010
101110
000011
010101
001100
111000
101111
011010
011010
101111
100110
011111
111000
101001
000110
101010
111101
011101
001000
000000
101010
101000
110001
010011
100000
001100
101111
101101
011111
101000
011010
111111
011010
011111
000001
100100
010100
100110
010100
001001
001110
001001
100111
011011
001010
100100
111101
111111
111100
000101
111100
010100
011110
011110
000011
100010
011011
000010
011011
000011
011010
010111
101011
001010
101000
000011
111100
010110
011010
101010
000110
001011
100000
001010
001100
110000
111110
011111
010111
001000
100101
101010
110000
011100
110011
110110
100000
011111
110101
010001
001001
111111
101101
010000
000111
011101
101110
011010
101101
011100
010101
010001
101110
011001
010010
100000
001011
111100
011100
011100
011000
011110
111000
110011
101001
000011
000111
000111
000001
000100
011011
001000
000001
111011
100011
100001
010110
100000
111100
011000
111100
111110
000110
110000
111000
100101
100010
011110
001000
000100
010110
110110
001010
010001
100110
001010
101100
110000
011000
011101
111001
110110
110110
101111
010101
100101
001011
111100
100010
011010
101110
110001
001000
111101
100010
110010
010011
111001
100000
011110
110100
010101
001000
111010
000000
001101
100100
011001
100101
011101
110001
011001
011101
101000
010001
111010
111111
100101
110000
110100
101001
111001
011110
100000
100011
000000
011110
000011
010101
010001
101101
010101
001100
010100
110000
101001
001001
010111
101011
001001
100110
010111
000011
000100
000100
110001
001011
000100
100000
111101
100011
111101
001111
010101
011000
000001
101110
101010
010000
110001
010001
110110
000001
100001
100010
000010
111100
010001
111001
100111
110011
100100
000001
000101
000001
110111
100101
111000
011111
111111
110010
001001
011000
011100
000000
110100
110111
010010
010101
100011
011100
110101
000010
100111
010011
001001
111111
101100
010101
001011
011100
100010
001111
010100
101001
011110
000010
011111
011100
001101
110010
000001
000110
000100
011010
001011
101011
101100
001001
110111
000111
111001
011100
111111
001001
100101
101101
101100
001010
001010
111101
001111
010000
000000
001101
101110
001110
000100
100000
010001
101000
011101
010011
101101
101100
110101
110001
001010
101110
011100
101000
010001
110010
010011
111010
101010
101010
111101
011111
001101
011000
101010
001010
011001
111011
111100
000001
011110
010110
101010
010000
010111
100101
010011
001000
100000
001100
011100
000110
011100
010111
000010
010110
011010
011000
110110
110011
010010
000101
011110
111000
110100
000110
110001
000111
011101
101010
001011
000010
000010
111110
111011
110101
101110
111100
000001
001111
011111
000001
010110
100110
010110
010101
000001
111101
000011
010111
101111
110100
001100
101001
010111
010111
110110
000111
010001
101010
101111
101010
100110
011100
110100
100000
011000
001011
010000
101110
001001
011100
010100
000001
010000
010111
100111
100111
001011
001101
011010
011011
000111
100010
100001
000110
101101
001011
100010
011100
100000
011010
001001
110000
000001
010100
101110
010101
100101
001010
110000
111110
110001
010000
100011
111110
111000
011010
110000
010001
110001
111111
111000
011110
001100
100101
000010
000110
010101
010110
010001
101101
001000
001011
100100
010001
111000
001000
011011
000110
100111
000000
101101
101000
000011
110011
101100
101110
000010
101010
101111
111100
111000
001100
001011
011100
101010
000111
011100
111100
110010
011010
001100
000110
001011
010111
001001
011000
011101
010110
010011
001100
110010
101100
011010
011100
111010
110001
000111
011011
000111
111110
011111
010011
010000
101000
101110
111001
111010
111101
011101
111001
101001
100101
100001
101001
111100
101001
000110
100011
111001
100000
100111
100000
001011
001010
111100
011011
111001
110111
000100
010111
001111
101000
110011
000010
011010
101010
100101
000010
111111
111001
100111
001010
100111
000111
001110
000001
110100
011110
110111
111110
001100
011000
100100
110000
110000
001111
001000
010111
011110
010010
100110
100010
011110
010101
100000
111101
001100
101010
100011
110110
011111
110110
000110
110011
110010
001011
011110
001100
010010
000111
000110
000101
000010
100001
011110
100100
011001
101010
110010
111111
100000
100011
001101
001001
000110
100111
100001
010111
010011
101011
101100
111001
011001
100111
100000
010001
001110
010110
100011
001000
111110
101101
000010
101101
100010
101101
011001
111100
001001
100111
111110
011101
110101
011001
011011
000011
100111
011101
010000
111010
001001
001100
110110
001111
011001
111110
010100
100110
100001
001110
100011
000110
100111
010010
010101
101100
110111
111110
011011
100110
000010
010000
111001
010110
111110
001100
010000
111111
101010
100110
101001
000001
011111
011110
010000
101010
001101
100000
110011
010011
110000
110000
011100
100001
101000
110100
010010
010100
010011
010001
011111
110011
000000
010000
100000
001111
100010
001010
101101
111110
010010
101110
001000
111011
001101
111111
101110
000111
110101
011100
010111
100000
000011
100000
000110
100010
011101
111011
111110
011000
011110
110010
100100
011100
110000
011001
001010
110001
010011
100111
111101
111101
001010
000000
010000
001010
000110
100010
011010
100101
010111
000000
101001
100111
000000
101011
111010
101000
111001
100011
001110
111010
000111
000110
110010
101101
100001
100010
111000
101010
000011
111101
001011
110010
010101
011101
000110
111010
100100
100000
001000
111100
101010
000110
001010
101111
000100
001111
010001
010000
101000
110110
011000
101000
101001
111101
101101
011110
101111
101010
011110
100111
110111
000100
101110
101101
000100
101010
111010
110110
100001
011101
011001
100111
101001
000001
110011
101101
001000
010111
110110
110110
111110
100111
011010
011101
001011
010011
111111
110010
011000
101000
000001
110110
011000
000100
111010
111100
110100
100000
000000
010111
001110
000101
111100
100101
100000
010001
101001
001101
001010
010100
101111
001001
001000
000011
100010
110010
011111
110110
100000
000111
101111
100010
001110
011000
111111
111011
000011
011000
110001
111101
000001
100101
101111
010001
101110
001101
101101
011011
111001
011110
100011
011110
001000
000101
111000
011100
110010
011000
111101
000000
101010
010011
111100
011110
010001
011111
000001
111101
000001
000110
101001
110000
001010
010001
001011
001101
011111
010100
011001
110001
110100
111000
110111
000100
101111
110000
110010
100100
110111
011001
110100